Class: mipo    m = 5 
         term m      estimate         ubar            b            t dfcom        df        riv     lambda        fmi
1 (Intercept) 5   0.778886437 1.199131e-03 7.523653e-05 0.0012894145  2010 567.80229 0.07529107 0.07001925 0.07327775
2    DivYield 5 -10.347291132 4.500128e-01 7.060127e-02 0.5347343237  2010 145.61744 0.18826471 0.15843667 0.16976190
3   DivGrowth 5   0.113278058 1.315558e-03 1.816164e-03 0.0034949542  2010  10.14845 1.65663325 0.62358372 0.68084008
4 PayoutRatio 5   0.006317349 6.997021e-05 2.963304e-05 0.0001055299  2010  34.32050 0.50821130 0.33696293 0.37249499




Class: mipo    m = 5 
         term m     estimate         ubar            b            t dfcom        df      riv    lambda       fmi
1 (Intercept) 5  0.205879021 1.493055e-03 3.133593e-03 0.0052533664  5615  7.769042 2.518536 0.7157909 0.7685735
2    DivYield 5 -6.356659512 4.622435e-01 1.448346e+00 2.2002588087  5615  6.375962 3.759956 0.7899140 0.8347278
3   DivGrowth 5  0.427539871 1.608603e-03 2.157500e-03 0.0041976035  5615 10.463592 1.609471 0.6167806 0.6737074
4 PayoutRatio 5  0.007352602 7.491698e-05 9.835208e-05 0.0001929395  5615 10.637699 1.575377 0.6117073 0.6686513